INFO:root:Namespace(lm_model='bert-base-uncased', N=50, max_len=128, z_dim=8, mha_dim=768, n_heads=8, gen_dims=[[128, 256, 768], [512, 256, 128]], disc_dims=[[128, 128], [512, 768], [512, 256, 128]], lambda_gp=2, lambda_wgan=1, post_method='sigmoid', batch_size=128, num_epochs=100, g_lr=0.0002, d_lr=0.0002, r_lr=0.001, dropout=0.0, n_critic=5, test_epochs=100, num_workers=1, mode='test', data_dir='data', saving_dir='results/2023-04-17_22-20', model_save_step=20, lr_update_step=1000, restore_G='/home/abisheks/10708-Project/MolGAN-PyTorch/results/2023-04-17_20-13/models/20-G.ckpt', restore_D='/home/abisheks/10708-Project/MolGAN-PyTorch/results/2023-04-17_20-13/models/20-D.ckpt', restore_R='/home/abisheks/10708-Project/MolGAN-PyTorch/results/2023-04-17_20-13/models/20-R.ckpt', name='symm_fcn_simple_ds_rew', log_dir='results/2023-04-17_22-20/logs', model_dir='results/2023-04-17_22-20/models')
INFO:root:Generator(
  (activation_f): ReLU()
  (multi_dense_layer): MultiDenseLayer(
    (linear_layer): Sequential(
      (0): Linear(in_features=8, out_features=128, bias=True)
      (1): Dropout(p=0.0, inplace=False)
      (2): LayerNorm((128,), eps=1e-05, elementwise_affine=True)
      (3): ReLU()
      (4): Linear(in_features=128, out_features=256, bias=True)
      (5): Dropout(p=0.0, inplace=False)
      (6): LayerNorm((256,), eps=1e-05, elementwise_affine=True)
      (7): ReLU()
      (8): Linear(in_features=256, out_features=768, bias=True)
      (9): Dropout(p=0.0, inplace=False)
      (10): LayerNorm((768,), eps=1e-05, elementwise_affine=True)
      (11): ReLU()
    )
  )
  (mha): MultiheadAttention(
    (out_proj): NonDynamicallyQuantizableLinear(in_features=768, out_features=768, bias=True)
  )
  (multi_dense_layer_2): MultiDenseLayer(
    (linear_layer): Sequential(
      (0): Linear(in_features=768, out_features=512, bias=True)
      (1): Dropout(p=0.0, inplace=False)
      (2): LayerNorm((512,), eps=1e-05, elementwise_affine=True)
      (3): ReLU()
      (4): Linear(in_features=512, out_features=256, bias=True)
      (5): Dropout(p=0.0, inplace=False)
      (6): LayerNorm((256,), eps=1e-05, elementwise_affine=True)
      (7): ReLU()
      (8): Linear(in_features=256, out_features=128, bias=True)
      (9): Dropout(p=0.0, inplace=False)
      (10): LayerNorm((128,), eps=1e-05, elementwise_affine=True)
      (11): ReLU()
    )
  )
  (adjM_layer): Linear(in_features=128, out_features=2500, bias=True)
  (dropoout): Dropout(p=0.0, inplace=False)
)
INFO:root:G
INFO:root:The number of parameters: 3478468
INFO:root:Discriminator(
  (activation_f): ReLU()
  (multi_dense_layer): MultiDenseLayer(
    (linear_layer): Sequential(
      (0): Linear(in_features=50, out_features=128, bias=True)
      (1): Dropout(p=0.0, inplace=False)
      (2): LayerNorm((128,), eps=1e-05, elementwise_affine=True)
      (3): ReLU()
      (4): Linear(in_features=128, out_features=128, bias=True)
      (5): Dropout(p=0.0, inplace=False)
      (6): LayerNorm((128,), eps=1e-05, elementwise_affine=True)
      (7): ReLU()
    )
  )
  (multi_dense_layer_2): MultiDenseLayer(
    (linear_layer): Sequential(
      (0): Linear(in_features=6400, out_features=512, bias=True)
      (1): Dropout(p=0.0, inplace=False)
      (2): LayerNorm((512,), eps=1e-05, elementwise_affine=True)
      (3): ReLU()
      (4): Linear(in_features=512, out_features=768, bias=True)
      (5): Dropout(p=0.0, inplace=False)
      (6): LayerNorm((768,), eps=1e-05, elementwise_affine=True)
      (7): ReLU()
    )
  )
  (mha): MultiheadAttention(
    (out_proj): NonDynamicallyQuantizableLinear(in_features=768, out_features=768, bias=True)
  )
  (multi_dense_layer_3): MultiDenseLayer(
    (linear_layer): Sequential(
      (0): Linear(in_features=768, out_features=512, bias=True)
      (1): Dropout(p=0.0, inplace=False)
      (2): LayerNorm((512,), eps=1e-05, elementwise_affine=True)
      (3): ReLU()
      (4): Linear(in_features=512, out_features=256, bias=True)
      (5): Dropout(p=0.0, inplace=False)
      (6): LayerNorm((256,), eps=1e-05, elementwise_affine=True)
      (7): ReLU()
      (8): Linear(in_features=256, out_features=128, bias=True)
      (9): Dropout(p=0.0, inplace=False)
      (10): LayerNorm((128,), eps=1e-05, elementwise_affine=True)
      (11): ReLU()
    )
  )
  (output_layer): Linear(in_features=128, out_features=1, bias=True)
)
INFO:root:D
INFO:root:The number of parameters: 6619649
INFO:root:RewardNet(
  (node_cnt): Sequential(
    (0): Linear(in_features=2500, out_features=256, bias=True)
    (1): ReLU()
    (2): Linear(in_features=256, out_features=128, bias=True)
    (3): ReLU()
    (4): Linear(in_features=128, out_features=1, bias=True)
    (5): Sigmoid()
  )
)
INFO:root:R
INFO:root:The number of parameters: 673281
INFO:root:BertModel(
  (embeddings): BertEmbeddings(
    (word_embeddings): Embedding(30522, 768, padding_idx=0)
    (position_embeddings): Embedding(512, 768)
    (token_type_embeddings): Embedding(2, 768)
    (LayerNorm): LayerNorm((768,), eps=1e-12, elementwise_affine=True)
    (dropout): Dropout(p=0.1, inplace=False)
  )
  (encoder): BertEncoder(
    (layer): ModuleList(
      (0-11): 12 x BertLayer(
        (attention): BertAttention(
          (self): BertSelfAttention(
            (query): Linear(in_features=768, out_features=768, bias=True)
            (key): Linear(in_features=768, out_features=768, bias=True)
            (value): Linear(in_features=768, out_features=768, bias=True)
            (dropout): Dropout(p=0.1, inplace=False)
          )
          (output): BertSelfOutput(
            (dense): Linear(in_features=768, out_features=768, bias=True)
            (LayerNorm): LayerNorm((768,), eps=1e-12, elementwise_affine=True)
            (dropout): Dropout(p=0.1, inplace=False)
          )
        )
        (intermediate): BertIntermediate(
          (dense): Linear(in_features=768, out_features=3072, bias=True)
          (intermediate_act_fn): GELUActivation()
        )
        (output): BertOutput(
          (dense): Linear(in_features=3072, out_features=768, bias=True)
          (LayerNorm): LayerNorm((768,), eps=1e-12, elementwise_affine=True)
          (dropout): Dropout(p=0.1, inplace=False)
        )
      )
    )
  )
  (pooler): BertPooler(
    (dense): Linear(in_features=768, out_features=768, bias=True)
    (activation): Tanh()
  )
)
INFO:root:bert-base-uncased
INFO:root:The number of parameters: 109482240
INFO:root:5 sample adjacenecy matrices
--------------------------------------------------
Text: Generate undirected graph with 5 nodes and 5 edges.
Num Nodes: 50 | Num Edges: 1250 | Edg: 12.834600448608398 | Node: 0.10895931720733643
Adj:
[[7.78923459e-06 9.62496221e-01 9.11236763e-01 1.82486802e-01
  1.66859239e-01 6.72112964e-03 4.53811279e-03 6.06848374e-02
  2.09921021e-02 1.35408333e-02 6.80589443e-03 1.43123639e-03
  7.24797463e-03 1.38501951e-03 1.02045257e-02 5.06208697e-03
  2.80189933e-03 3.03861802e-03 1.37568591e-03 3.65857361e-03
  1.23421277e-03 2.62606284e-03 2.11681728e-03 1.26309064e-03
  3.14561883e-03 8.68926756e-04 8.08820478e-04 6.49180496e-04
  7.50727020e-04 2.15532258e-04 3.58685502e-04 1.24200611e-04
  6.74009032e-04 2.00302035e-04 3.32207797e-04 2.16102664e-04
  2.27877041e-04 5.85363072e-04 3.21481901e-04 2.52990372e-04
  1.68036684e-04 1.14503127e-04 2.77764950e-04 2.70426302e-04
  2.71146098e-04 2.43717324e-04 1.32382513e-04 4.75275621e-04
  2.19008769e-04 1.64388461e-04]
 [9.62496221e-01 1.31208626e-05 9.38079178e-01 8.28486323e-01
  2.94441342e-01 6.69887960e-02 1.17403511e-02 7.99189135e-03
  1.02990232e-01 2.21124943e-02 6.95225131e-03 1.26599250e-02
  1.86340883e-03 2.83497386e-03 3.78394732e-03 3.81444837e-03
  3.68201290e-03 2.32303981e-03 4.27307421e-03 2.13227374e-03
  2.92701414e-03 4.08928329e-03 6.98390126e-04 3.70452268e-04
  3.33436113e-03 6.53256895e-04 5.53760561e-04 1.15299139e-04
  4.19743534e-04 4.66743280e-04 2.47982651e-04 2.26955060e-04
  2.38599503e-04 1.35615526e-04 4.02138132e-04 3.19932326e-04
  4.80589893e-04 5.25164709e-04 1.31295194e-04 2.18559828e-04
  2.95183301e-04 3.16853169e-04 3.89017281e-04 4.30114829e-04
  4.29179199e-04 8.95379344e-04 2.85979157e-04 3.78978613e-04
  6.74924348e-04 1.60485521e-04]
 [9.11236763e-01 9.38079178e-01 3.21876632e-06 2.31415600e-01
  7.26696789e-01 1.43448291e-02 4.69459333e-02 3.10760643e-02
  6.47064997e-03 1.37338182e-02 4.40604752e-03 2.27745529e-03
  1.59656804e-03 8.66600126e-03 4.70596179e-03 1.34067016e-03
  1.53653102e-03 1.64558343e-03 3.36852483e-03 4.48209932e-03
  5.23592206e-03 1.11464253e-02 5.25672920e-03 2.09459779e-03
  1.08735799e-03 5.48513199e-04 2.70934950e-04 2.66778108e-04
  3.62549443e-04 3.53680574e-04 1.36411225e-04 2.25077223e-04
  5.38444496e-04 2.58026092e-04 1.75218840e-04 5.15937980e-04
  3.95095238e-04 1.99482281e-04 1.95645393e-04 1.27803403e-04
  2.50508980e-04 3.31121701e-04 4.09084023e-04 5.62171161e-04
  2.46637443e-04 9.18987644e-05 1.63531426e-04 5.84061127e-05
  7.95317392e-05 7.33098655e-04]
 [1.82486802e-01 8.28486323e-01 2.31415600e-01 9.27898327e-07
  1.32396072e-01 1.59522938e-03 4.25048405e-03 2.32536066e-03
  4.11824603e-03 1.87525041e-02 5.49212156e-04 1.78001926e-03
  2.40331376e-03 1.76880113e-03 3.28394177e-04 5.22729591e-04
  1.19776663e-03 3.03137954e-03 3.83786304e-04 4.60832904e-04
  1.81095221e-03 8.42581270e-04 2.39331101e-04 6.13054552e-04
  3.86666536e-04 5.72699428e-05 2.42235605e-04 1.10358218e-04
  5.78667561e-04 4.07493673e-04 6.66987107e-05 1.29289008e-04
  4.02687729e-05 1.11289773e-04 1.01062360e-04 1.85292141e-04
  2.63412541e-04 3.00518906e-04 4.96075590e-05 1.43839279e-04
  3.69596601e-05 2.12031591e-05 7.14943744e-05 1.90888153e-04
  4.31505723e-05 1.28004162e-04 1.10219393e-04 2.71059253e-04
  8.56112456e-05 1.85472105e-04]
 [1.66859239e-01 2.94441342e-01 7.26696789e-01 1.32396072e-01
  5.02087062e-07 9.50059015e-03 8.94994102e-03 2.59001087e-03
  3.19246924e-03 9.98699199e-03 4.91493440e-04 6.12113625e-03
  1.51003525e-03 2.65160284e-04 1.75343140e-03 5.46404335e-04
  8.46161565e-04 2.76431849e-04 4.72649845e-04 2.78129068e-04
  2.41911097e-04 1.04768900e-03 2.61177367e-04 9.06926056e-04
  2.28521923e-04 1.29140666e-04 2.27406053e-04 1.80654766e-04
  9.90171466e-05 1.07157895e-04 2.77092855e-04 2.50757497e-04
  2.45948933e-04 5.81671557e-05 1.97419984e-04 1.79253781e-04
  7.18041629e-05 1.53455876e-05 2.54278184e-05 8.78874198e-05
  8.87900314e-05 6.85210689e-05 1.03733859e-04 2.29512400e-04
  4.31004846e-05 7.42708216e-05 3.19056526e-05 9.95462688e-05
  1.52832741e-04 1.24569240e-04]
 [6.72112964e-03 6.69887960e-02 1.43448291e-02 1.59522938e-03
  9.50059015e-03 1.55453961e-06 3.25162709e-03 5.58051281e-03
  6.69415109e-03 3.09995189e-03 9.79642384e-04 2.78716761e-04
  1.17998582e-03 6.67707936e-04 6.36945013e-04 4.98460548e-04
  7.36858521e-04 1.82616035e-03 1.11409312e-03 2.14907617e-04
  3.54180142e-04 4.63084696e-04 5.27554133e-04 4.55552572e-03
  2.18044198e-03 1.33076945e-04 2.29134574e-04 5.57591884e-05
  2.59071530e-04 1.90384817e-04 1.18452248e-04 8.66262708e-05
  4.60751653e-05 2.70112709e-04 7.65952282e-05 5.26866825e-05
  4.59626026e-05 3.79405574e-05 8.49465287e-05 2.40361987e-04
  3.38549253e-05 1.04171799e-04 2.27403420e-04 1.96702793e-04
  2.52840604e-04 1.53996989e-05 6.23928645e-05 4.86229619e-05
  4.78226357e-05 8.88156137e-05]
 [4.53811279e-03 1.17403511e-02 4.69459333e-02 4.25048405e-03
  8.94994102e-03 3.25162709e-03 1.96676192e-05 1.60965230e-02
  5.97329298e-03 5.10735298e-03 3.83169565e-04 3.22512886e-03
  4.00382211e-04 1.07224809e-03 9.29911155e-04 5.12583181e-04
  1.11874880e-03 8.32970778e-04 9.06854752e-04 4.78213158e-04
  1.17572187e-03 4.28698171e-04 5.17328677e-04 7.28198851e-04
  1.16906420e-03 1.26111729e-04 1.03739985e-04 8.70765653e-05
  3.28533388e-05 4.14360366e-05 4.77062968e-05 4.22244157e-05
  3.50438349e-05 3.17153899e-04 3.06637485e-05 3.38281061e-05
  1.03134182e-04 1.41278593e-04 4.03659687e-05 1.28895219e-04
  1.28595304e-04 2.09508595e-04 2.05783545e-05 1.36944262e-04
  1.74037232e-05 1.47739673e-04 1.06991989e-04 4.62718126e-05
  6.79668665e-05 1.40533972e-04]
 [6.06848374e-02 7.99189135e-03 3.10760643e-02 2.32536066e-03
  2.59001087e-03 5.58051281e-03 1.60965230e-02 1.36902236e-06
  2.41045351e-03 3.00243124e-03 2.26798560e-03 4.60610958e-04
  2.48040725e-03 5.21209848e-04 1.02239006e-04 8.13572842e-04
  5.54226281e-04 4.30296524e-04 7.35363632e-04 3.74632044e-04
  7.42331473e-03 1.91457919e-03 1.06496166e-03 1.07019127e-03
  8.51048913e-04 1.66509664e-04 6.54223841e-05 8.47087140e-05
  2.05531032e-04 3.94088391e-04 4.91206156e-05 2.85734423e-04
  1.35271097e-04 1.47853978e-04 9.24190172e-05 6.46228873e-05
  1.02967504e-04 8.11872960e-05 8.65898473e-05 3.86473548e-05
  1.45420810e-04 1.55873960e-04 1.06229018e-04 4.91310129e-05
  5.05543903e-05 3.25543115e-05 1.62238604e-04 7.36348666e-05
  1.85726349e-05 4.53304674e-05]
 [2.09921021e-02 1.02990232e-01 6.47064997e-03 4.11824603e-03
  3.19246924e-03 6.69415109e-03 5.97329298e-03 2.41045351e-03
  9.80244022e-06 4.55212966e-03 5.66634524e-04 1.40614866e-03
  1.35744724e-03 1.53711566e-03 3.12566850e-03 2.86269438e-04
  1.99638004e-03 4.48934181e-04 2.86431052e-04 1.36651273e-03
  5.73419849e-04 9.36785189e-04 2.67039693e-04 1.49580836e-03
  2.19260692e-03 1.64231169e-04 1.22295809e-04 1.68096289e-04
  4.53257162e-05 4.36047303e-05 4.93920197e-05 6.47026827e-05
  4.01760954e-05 6.35435717e-05 2.49849691e-04 1.10206478e-04
  7.13350892e-05 4.50981497e-05 2.90637312e-04 5.27991433e-05
  3.92883703e-05 7.44207646e-05 5.69358090e-05 3.18224571e-04
  3.35408986e-05 1.85234909e-04 1.79329290e-05 1.50578751e-04
  3.31491392e-05 6.38733400e-05]
 [1.35408333e-02 2.21124943e-02 1.37338182e-02 1.87525041e-02
  9.98699199e-03 3.09995189e-03 5.10735298e-03 3.00243124e-03
  4.55212966e-03 1.12418184e-06 3.78101890e-04 1.08270231e-03
  9.29864997e-04 2.75001163e-03 5.37861022e-04 6.57281140e-04
  7.65251461e-04 1.31666311e-04 1.37372606e-03 1.85145659e-03
  1.16947130e-03 7.96895692e-05 4.80228104e-04 6.71862508e-04
  1.33279606e-03 6.63353785e-05 9.62891791e-05 1.00192912e-04
  7.21135002e-05 4.30421169e-05 5.06665056e-05 1.96367546e-04
  1.83670694e-04 2.82097259e-04 5.57212334e-05 1.71437805e-05
  3.32595053e-04 7.36593720e-05 8.81900633e-05 1.07809137e-04
  1.21705067e-04 5.76401071e-05 6.91635569e-06 5.97792277e-05
  8.09368357e-05 7.20906755e-05 5.35789368e-05 6.62714519e-05
  6.62164312e-05 1.50698370e-05]
 [6.80589443e-03 6.95225131e-03 4.40604752e-03 5.49212156e-04
  4.91493440e-04 9.79642384e-04 3.83169565e-04 2.26798560e-03
  5.66634524e-04 3.78101890e-04 2.23166967e-06 1.01925177e-03
  9.69462853e-04 5.13737090e-04 2.60529085e-03 9.16536781e-04
  7.43521494e-04 2.85060698e-04 5.46437688e-04 3.26828158e-04
  1.82550502e-04 8.33133468e-04 3.58781748e-04 4.56666632e-04
  4.83808923e-04 3.60299891e-05 1.45367158e-04 2.41841451e-04
  6.36557161e-05 6.00788080e-05 1.47666855e-04 5.09641832e-05
  8.37156040e-05 1.19946351e-04 7.34852365e-05 1.20096061e-04
  1.74543180e-04 2.33217215e-04 7.48372331e-05 5.07728619e-05
  1.68783499e-05 1.16473784e-04 2.33299739e-04 1.10768648e-04
  8.52936937e-05 4.86106328e-05 1.78387054e-05 9.16911304e-05
  1.58425479e-04 9.66070293e-05]
 [1.43123639e-03 1.26599250e-02 2.27745529e-03 1.78001926e-03
  6.12113625e-03 2.78716761e-04 3.22512886e-03 4.60610958e-04
  1.40614866e-03 1.08270231e-03 1.01925177e-03 2.49523305e-06
  1.22774416e-03 4.15097078e-04 4.46481514e-04 8.96334415e-04
  2.90148950e-04 2.55634222e-04 7.02611171e-04 2.59162684e-04
  5.95228188e-03 2.67535361e-04 5.29997807e-04 7.89899146e-04
  3.77364398e-04 3.92710281e-05 2.18865971e-05 1.01367063e-04
  9.47532972e-05 2.23853276e-04 3.58285179e-05 9.15354467e-05
  6.25674365e-05 1.93331303e-04 1.97456131e-04 1.08578177e-04
  1.20483644e-04 6.06509966e-05 3.85528256e-05 4.90632228e-05
  9.92948408e-05 2.16117711e-04 2.78223742e-04 4.72260363e-05
  5.82355933e-05 1.66745249e-05 1.72653861e-04 2.11704406e-04
  2.77389423e-04 9.23709013e-05]
 [7.24797463e-03 1.86340883e-03 1.59656804e-03 2.40331376e-03
  1.51003525e-03 1.17998582e-03 4.00382211e-04 2.48040725e-03
  1.35744724e-03 9.29864997e-04 9.69462853e-04 1.22774416e-03
  2.89783407e-06 2.85866059e-04 2.93401390e-04 2.16260552e-04
  3.80124402e-04 8.09515186e-04 1.24649494e-03 3.53948842e-03
  5.44590526e-04 1.38937647e-03 6.24837994e-04 1.83084072e-03
  8.57599895e-04 9.88084139e-05 1.80067655e-04 5.23006238e-05
  9.58874880e-05 1.06867286e-04 3.58515594e-04 3.06196816e-05
  7.86946475e-05 9.99091644e-05 6.18518752e-05 1.67581617e-04
  1.02325612e-04 1.73640132e-04 3.78082594e-04 6.75670526e-05
  4.74682311e-05 9.48218003e-05 2.02787869e-05 8.76493941e-05
  6.72158421e-05 2.90241496e-05 5.28981182e-05 1.93607302e-05
  1.93109838e-04 2.76469400e-05]
 [1.38501951e-03 2.83497386e-03 8.66600126e-03 1.76880113e-03
  2.65160284e-04 6.67707936e-04 1.07224809e-03 5.21209848e-04
  1.53711566e-03 2.75001163e-03 5.13737090e-04 4.15097078e-04
  2.85866059e-04 3.40005408e-06 1.68480631e-03 1.60803075e-03
  8.46198236e-05 6.67943095e-04 1.32109213e-03 3.89854074e-04
  3.35309858e-04 2.39036191e-04 5.22489951e-04 4.13860707e-03
  1.69216539e-04 6.46723856e-05 1.38436269e-04 2.15930690e-04
  5.69734002e-05 1.92223466e-04 1.64268204e-05 4.79929513e-05
  7.74511282e-05 4.88726037e-05 4.40196949e-04 6.21756553e-05
  9.74668437e-05 2.59484572e-04 8.17948967e-05 1.72822518e-04
  7.89775440e-05 5.80077940e-05 3.51301933e-05 8.56332917e-05
  3.53441486e-04 3.69755086e-04 6.13055308e-05 9.78872849e-05
  4.52423468e-04 9.54932839e-05]
 [1.02045257e-02 3.78394732e-03 4.70596179e-03 3.28394177e-04
  1.75343140e-03 6.36945013e-04 9.29911155e-04 1.02239006e-04
  3.12566850e-03 5.37861022e-04 2.60529085e-03 4.46481514e-04
  2.93401390e-04 1.68480631e-03 4.17932370e-06 6.16995385e-04
  4.06043458e-04 7.59590184e-04 6.20925741e-04 2.53669539e-04
  1.69761814e-04 2.56011059e-04 1.00348133e-03 3.24174616e-04
  9.92136076e-04 4.50887746e-05 7.32449989e-05 6.24908134e-05
  3.30577284e-04 2.63019465e-05 1.45602578e-04 5.26226104e-05
  3.81278951e-05 5.40955152e-05 1.61150965e-05 1.26629893e-04
  2.28583827e-04 5.88940420e-05 1.91652842e-04 1.81776864e-04
  4.38490060e-05 7.83345895e-05 3.86428583e-05 3.87211330e-05
  2.80916756e-05 4.13629969e-05 1.03493468e-04 2.10462618e-04
  3.10137148e-05 1.77014823e-04]
 [5.06208697e-03 3.81444837e-03 1.34067016e-03 5.22729591e-04
  5.46404335e-04 4.98460548e-04 5.12583181e-04 8.13572842e-04
  2.86269438e-04 6.57281140e-04 9.16536781e-04 8.96334415e-04
  2.16260552e-04 1.60803075e-03 6.16995385e-04 1.05503786e-05
  9.09471011e-04 9.98705043e-04 1.93140964e-04 4.04159684e-04
  1.17147260e-03 1.06151259e-04 9.74125986e-04 7.71753897e-04
  7.33095163e-04 4.66030142e-05 8.27639597e-05 3.24597931e-05
  1.79464128e-04 2.10294937e-04 9.49149835e-05 6.62438470e-05
  8.85524278e-05 4.80470844e-05 3.64721345e-05 1.20363053e-04
  6.15229874e-05 2.14265572e-04 1.38869378e-04 1.65436839e-04
  9.32765906e-05 1.09142253e-04 9.19192753e-05 1.57767470e-04
  8.89277362e-05 4.87044090e-05 4.04608378e-04 2.01513103e-04
  1.73189874e-05 1.07795364e-04]
 [2.80189933e-03 3.68201290e-03 1.53653102e-03 1.19776663e-03
  8.46161565e-04 7.36858521e-04 1.11874880e-03 5.54226281e-04
  1.99638004e-03 7.65251461e-04 7.43521494e-04 2.90148950e-04
  3.80124402e-04 8.46198236e-05 4.06043458e-04 9.09471011e-04
  1.36968310e-06 6.47942070e-04 4.49645973e-04 1.33181937e-04
  2.39295478e-04 5.02886716e-04 1.72984984e-03 1.22910738e-03
  5.23201656e-04 1.67273029e-04 1.02556347e-04 4.51521591e-05
  2.13583698e-04 2.76626579e-05 2.62903395e-05 3.41417326e-05
  1.21307079e-04 8.01545466e-05 2.64974253e-04 5.93389486e-05
  2.79800384e-04 1.49296939e-05 1.45207014e-04 1.49036176e-04
  2.69137410e-04 2.08927508e-04 5.58767206e-05 4.72206812e-05
  7.87634926e-05 1.08687775e-04 2.14401643e-05 7.30037209e-05
  4.20280485e-05 9.27371875e-05]
 [3.03861802e-03 2.32303981e-03 1.64558343e-03 3.03137954e-03
  2.76431849e-04 1.82616035e-03 8.32970778e-04 4.30296524e-04
  4.48934181e-04 1.31666311e-04 2.85060698e-04 2.55634222e-04
  8.09515186e-04 6.67943095e-04 7.59590184e-04 9.98705043e-04
  6.47942070e-04 4.98616600e-07 5.15156658e-04 6.76418596e-04
  4.28693049e-04 9.56791046e-04 8.04610550e-04 3.78506549e-04
  8.50455428e-04 6.80238008e-05 5.39127504e-05 8.67181807e-05
  4.65402154e-05 1.01413076e-04 2.44466471e-04 1.53885747e-04
  8.32938094e-05 4.52273562e-05 1.34315851e-04 2.56209343e-04
  6.62893435e-05 1.72911517e-04 1.94452732e-05 9.26769790e-05
  9.08446600e-05 6.54204559e-05 1.12523318e-04 8.20174246e-05
  1.57462098e-04 6.22286243e-05 1.89594270e-04 3.65544183e-05
  1.53801404e-04 1.75342531e-04]
 [1.37568591e-03 4.27307421e-03 3.36852483e-03 3.83786304e-04
  4.72649845e-04 1.11409312e-03 9.06854752e-04 7.35363632e-04
  2.86431052e-04 1.37372606e-03 5.46437688e-04 7.02611171e-04
  1.24649494e-03 1.32109213e-03 6.20925741e-04 1.93140964e-04
  4.49645973e-04 5.15156658e-04 6.15720353e-07 7.93816522e-04
  3.03946668e-04 2.16662986e-04 5.70973847e-04 1.90252019e-03
  3.26417247e-03 6.56695687e-04 2.04790394e-05 7.46551887e-05
  7.79941765e-05 1.37826166e-04 8.10588754e-05 1.23049365e-04
  8.05314194e-05 4.87129437e-04 9.06169444e-05 5.21939037e-05
  1.04332255e-04 6.58923454e-05 1.58506344e-04 5.96058962e-05
  7.05235070e-05 3.87416731e-05 2.51696474e-04 1.56104361e-04
  7.18520387e-05 1.15411545e-04 2.60277244e-04 3.03855195e-05
  8.65767215e-05 5.81126587e-05]
 [3.65857361e-03 2.13227374e-03 4.48209932e-03 4.60832904e-04
  2.78129068e-04 2.14907617e-04 4.78213158e-04 3.74632044e-04
  1.36651273e-03 1.85145659e-03 3.26828158e-04 2.59162684e-04
  3.53948842e-03 3.89854074e-04 2.53669539e-04 4.04159684e-04
  1.33181937e-04 6.76418596e-04 7.93816522e-04 8.55153939e-06
  8.01272749e-04 1.76925771e-03 1.92622334e-04 2.85409298e-03
  2.05968317e-04 1.39365511e-04 5.73482030e-05 3.39864564e-05
  9.89125765e-05 8.53163947e-05 2.67153700e-05 1.95190762e-04
  2.46537529e-04 4.81654388e-05 4.01585530e-05 9.69017201e-05
  6.21019935e-05 9.67395899e-05 7.31428081e-05 3.42708925e-04
  1.83303287e-04 9.62008926e-05 1.35016453e-04 3.14709541e-05
  1.19289012e-04 6.40983781e-05 3.83449296e-05 1.15187802e-04
  4.20151082e-05 9.09120790e-05]
 [1.23421277e-03 2.92701414e-03 5.23592206e-03 1.81095221e-03
  2.41911097e-04 3.54180142e-04 1.17572187e-03 7.42331473e-03
  5.73419849e-04 1.16947130e-03 1.82550502e-04 5.95228188e-03
  5.44590526e-04 3.35309858e-04 1.69761814e-04 1.17147260e-03
  2.39295478e-04 4.28693049e-04 3.03946668e-04 8.01272749e-04
  6.77360902e-07 2.60879227e-04 2.55311257e-04 4.55913716e-04
  5.15558000e-04 3.90902969e-05 3.80878118e-05 1.64654528e-04
  1.18567914e-05 5.14584026e-05 1.69978506e-04 1.84033925e-04
  1.25737337e-04 4.47268176e-05 5.88492439e-05 1.76213565e-04
  6.57886267e-05 1.22972764e-04 9.34368290e-05 1.79017559e-04
  9.82505080e-05 1.27420586e-04 3.74008778e-05 8.00431080e-05
  9.42026527e-05 2.64576702e-05 2.80189066e-04 1.12047725e-04
  7.48777893e-05 6.06536560e-05]
 [2.62606284e-03 4.08928329e-03 1.11464253e-02 8.42581270e-04
  1.04768900e-03 4.63084696e-04 4.28698171e-04 1.91457919e-03
  9.36785189e-04 7.96895692e-05 8.33133468e-04 2.67535361e-04
  1.38937647e-03 2.39036191e-04 2.56011059e-04 1.06151259e-04
  5.02886716e-04 9.56791046e-04 2.16662986e-04 1.76925771e-03
  2.60879227e-04 1.00110094e-06 5.33016981e-04 2.71212310e-03
  6.18211518e-04 3.03229899e-05 1.22189973e-04 3.55158227e-05
  1.22952013e-04 3.31355477e-05 3.70389789e-05 1.17474090e-04
  4.30432265e-05 5.65873343e-05 1.88202375e-05 1.07407512e-04
  1.94835229e-04 3.64988591e-05 1.24241109e-04 3.88480003e-05
  7.87698009e-05 2.39602086e-04 2.87447067e-04 5.83016626e-05
  3.61179846e-05 2.32995648e-04 5.10099890e-05 4.40527037e-05
  3.76946060e-04 1.34120157e-04]
 [2.11681728e-03 6.98390126e-04 5.25672920e-03 2.39331101e-04
  2.61177367e-04 5.27554133e-04 5.17328677e-04 1.06496166e-03
  2.67039693e-04 4.80228104e-04 3.58781748e-04 5.29997807e-04
  6.24837994e-04 5.22489951e-04 1.00348133e-03 9.74125986e-04
  1.72984984e-03 8.04610550e-04 5.70973847e-04 1.92622334e-04
  2.55311257e-04 5.33016981e-04 1.31246020e-06 2.49391771e-04
  9.06955393e-04 6.90333036e-05 5.60523004e-05 2.73481128e-04
  3.99875025e-05 2.14733096e-04 1.59212810e-04 3.45593253e-05
  2.15495267e-04 5.80227315e-05 9.74289214e-05 6.08136834e-05
  1.91713872e-04 6.03187691e-05 2.86336581e-04 4.85112541e-05
  1.40631833e-04 1.04013976e-04 8.19834895e-05 1.16523115e-04
  2.88585779e-05 2.66434417e-05 6.66288470e-05 3.65620908e-05
  5.79445477e-05 1.52363471e-04]
 [1.26309064e-03 3.70452268e-04 2.09459779e-03 6.13054552e-04
  9.06926056e-04 4.55552572e-03 7.28198851e-04 1.07019127e-03
  1.49580836e-03 6.71862508e-04 4.56666632e-04 7.89899146e-04
  1.83084072e-03 4.13860707e-03 3.24174616e-04 7.71753897e-04
  1.22910738e-03 3.78506549e-04 1.90252019e-03 2.85409298e-03
  4.55913716e-04 2.71212310e-03 2.49391771e-04 1.85685094e-05
  4.82086121e-04 6.27990667e-05 1.32320289e-04 1.48514533e-04
  1.82173346e-04 2.22270726e-04 5.79053776e-05 2.88927724e-04
  9.58425007e-05 4.44799080e-04 5.91261087e-05 1.71235697e-05
  7.65601071e-05 5.05051394e-05 6.96545612e-05 2.13924679e-04
  3.56897828e-04 3.61055951e-04 3.38967802e-04 2.45984585e-04
  5.69804615e-05 8.39422282e-05 2.87028142e-05 1.08852888e-04
  7.45587895e-05 2.24609234e-04]
 [3.14561883e-03 3.33436113e-03 1.08735799e-03 3.86666536e-04
  2.28521923e-04 2.18044198e-03 1.16906420e-03 8.51048913e-04
  2.19260692e-03 1.33279606e-03 4.83808923e-04 3.77364398e-04
  8.57599895e-04 1.69216539e-04 9.92136076e-04 7.33095163e-04
  5.23201656e-04 8.50455428e-04 3.26417247e-03 2.05968317e-04
  5.15558000e-04 6.18211518e-04 9.06955393e-04 4.82086121e-04
  1.10030498e-06 6.02617401e-05 2.48856872e-04 1.13100454e-04
  4.87519465e-05 1.05010971e-04 3.60277190e-05 1.18351541e-04
  9.12007017e-05 1.98862239e-04 7.93789150e-05 4.14860951e-05
  8.38006672e-05 8.14953019e-05 9.38522571e-05 1.25469291e-04
  7.32307453e-05 1.64631914e-04 3.84616433e-05 5.47625896e-05
  1.58698531e-04 3.81011429e-04 6.13465818e-05 4.06559047e-05
  9.27131259e-05 2.31668764e-05]
 [8.68926756e-04 6.53256895e-04 5.48513199e-04 5.72699428e-05
  1.29140666e-04 1.33076945e-04 1.26111729e-04 1.66509664e-04
  1.64231169e-04 6.63353785e-05 3.60299891e-05 3.92710281e-05
  9.88084139e-05 6.46723856e-05 4.50887746e-05 4.66030142e-05
  1.67273029e-04 6.80238008e-05 6.56695687e-04 1.39365511e-04
  3.90902969e-05 3.03229899e-05 6.90333036e-05 6.27990667e-05
  6.02617401e-05 8.33150989e-06 6.38063721e-05 7.63660064e-05
  3.33133270e-04 8.41267829e-05 1.40726668e-04 7.85415541e-05
  4.19482094e-05 1.38618023e-04 1.14530332e-04 1.39642987e-04
  1.01500635e-04 1.29240318e-04 1.16466232e-04 2.78428051e-04
  4.55336631e-05 1.63014876e-04 6.52981034e-05 6.77731703e-04
  1.96227731e-04 8.00587586e-05 6.63529645e-05 1.01300386e-04
  2.40192909e-04 1.14439710e-04]
 [8.08820478e-04 5.53760561e-04 2.70934950e-04 2.42235605e-04
  2.27406053e-04 2.29134574e-04 1.03739985e-04 6.54223841e-05
  1.22295809e-04 9.62891791e-05 1.45367158e-04 2.18865971e-05
  1.80067655e-04 1.38436269e-04 7.32449989e-05 8.27639597e-05
  1.02556347e-04 5.39127504e-05 2.04790394e-05 5.73482030e-05
  3.80878118e-05 1.22189973e-04 5.60523004e-05 1.32320289e-04
  2.48856872e-04 6.38063721e-05 9.24542474e-06 2.74813374e-05
  2.20571223e-04 3.26807858e-05 6.15034514e-05 2.37173517e-04
  3.04533431e-04 5.21709626e-05 1.52759152e-04 2.90918742e-05
  6.13519660e-05 2.00798822e-04 3.90747191e-05 1.09892906e-04
  2.18341866e-05 2.57837237e-04 4.70967825e-05 1.02723607e-04
  9.13565164e-05 4.39897776e-05 8.04510564e-05 1.63677134e-04
  1.30811080e-04 3.54876865e-05]
 [6.49180496e-04 1.15299139e-04 2.66778108e-04 1.10358218e-04
  1.80654766e-04 5.57591884e-05 8.70765653e-05 8.47087140e-05
  1.68096289e-04 1.00192912e-04 2.41841451e-04 1.01367063e-04
  5.23006238e-05 2.15930690e-04 6.24908134e-05 3.24597931e-05
  4.51521591e-05 8.67181807e-05 7.46551887e-05 3.39864564e-05
  1.64654528e-04 3.55158227e-05 2.73481128e-04 1.48514533e-04
  1.13100454e-04 7.63660064e-05 2.74813374e-05 7.43673263e-06
  1.28293294e-04 9.85698498e-05 4.47577113e-05 8.14995874e-05
  6.24196473e-05 1.77385358e-04 1.10352332e-04 7.80569026e-05
  4.79153896e-05 7.90347913e-05 1.03061335e-04 5.63698486e-05
  4.17312367e-05 8.54127720e-05 3.54448348e-05 3.45583394e-05
  5.40860237e-05 7.00870442e-05 7.26293074e-05 6.38142956e-05
  4.64850382e-05 7.03695987e-05]
 [7.50727020e-04 4.19743534e-04 3.62549443e-04 5.78667561e-04
  9.90171466e-05 2.59071530e-04 3.28533388e-05 2.05531032e-04
  4.53257162e-05 7.21135002e-05 6.36557161e-05 9.47532972e-05
  9.58874880e-05 5.69734002e-05 3.30577284e-04 1.79464128e-04
  2.13583698e-04 4.65402154e-05 7.79941765e-05 9.89125765e-05
  1.18567914e-05 1.22952013e-04 3.99875025e-05 1.82173346e-04
  4.87519465e-05 3.33133270e-04 2.20571223e-04 1.28293294e-04
  3.91033973e-06 8.03100993e-05 4.38128518e-05 1.04982537e-04
  9.95998198e-05 5.83010515e-05 1.03446800e-04 2.39239365e-04
  9.04003027e-05 2.26208213e-05 8.83833709e-05 4.58782997e-05
  6.91135283e-05 3.90112000e-05 9.47846493e-05 1.09402026e-04
  9.36818178e-05 1.42610166e-04 3.69023255e-05 4.07271909e-05
  5.51631347e-05 6.41098741e-05]
 [2.15532258e-04 4.66743280e-04 3.53680574e-04 4.07493673e-04
  1.07157895e-04 1.90384817e-04 4.14360366e-05 3.94088391e-04
  4.36047303e-05 4.30421169e-05 6.00788080e-05 2.23853276e-04
  1.06867286e-04 1.92223466e-04 2.63019465e-05 2.10294937e-04
  2.76626579e-05 1.01413076e-04 1.37826166e-04 8.53163947e-05
  5.14584026e-05 3.31355477e-05 2.14733096e-04 2.22270726e-04
  1.05010971e-04 8.41267829e-05 3.26807858e-05 9.85698498e-05
  8.03100993e-05 1.27241210e-05 1.31500681e-04 2.82137535e-05
  4.57460155e-05 1.35213457e-04 3.96148571e-05 1.04548664e-04
  4.70272244e-05 3.84618979e-05 4.20500219e-05 5.76384591e-05
  4.29730062e-05 1.98565147e-04 1.07706292e-04 2.99981039e-04
  2.69949465e-04 6.90950110e-05 4.55327063e-05 6.12754884e-05
  8.50566066e-05 5.48769713e-05]
 [3.58685502e-04 2.47982651e-04 1.36411225e-04 6.66987107e-05
  2.77092855e-04 1.18452248e-04 4.77062968e-05 4.91206156e-05
  4.93920197e-05 5.06665056e-05 1.47666855e-04 3.58285179e-05
  3.58515594e-04 1.64268204e-05 1.45602578e-04 9.49149835e-05
  2.62903395e-05 2.44466471e-04 8.10588754e-05 2.67153700e-05
  1.69978506e-04 3.70389789e-05 1.59212810e-04 5.79053776e-05
  3.60277190e-05 1.40726668e-04 6.15034514e-05 4.47577113e-05
  4.38128518e-05 1.31500681e-04 3.28290989e-05 2.54136594e-05
  4.79678820e-05 1.57998555e-04 8.59569482e-05 1.11038324e-04
  1.25346836e-04 2.33049621e-04 5.57938300e-04 2.83454952e-04
  6.08700757e-05 8.44928363e-05 1.87684476e-04 2.22914605e-05
  1.19412827e-04 1.22369995e-04 3.81566315e-05 1.53795394e-04
  1.13907772e-04 3.63786239e-05]
 [1.24200611e-04 2.26955060e-04 2.25077223e-04 1.29289008e-04
  2.50757497e-04 8.66262708e-05 4.22244157e-05 2.85734423e-04
  6.47026827e-05 1.96367546e-04 5.09641832e-05 9.15354467e-05
  3.06196816e-05 4.79929513e-05 5.26226104e-05 6.62438470e-05
  3.41417326e-05 1.53885747e-04 1.23049365e-04 1.95190762e-04
  1.84033925e-04 1.17474090e-04 3.45593253e-05 2.88927724e-04
  1.18351541e-04 7.85415541e-05 2.37173517e-04 8.14995874e-05
  1.04982537e-04 2.82137535e-05 2.54136594e-05 2.53754934e-05
  1.08365202e-04 2.97862352e-05 2.61929468e-04 5.32473387e-05
  2.06930708e-04 4.20687502e-05 5.23019226e-05 2.31831200e-05
  1.08954031e-04 1.06589134e-04 7.61096599e-05 4.32396300e-05
  1.11683759e-04 4.58565628e-05 6.97055875e-05 9.28698355e-05
  8.64709436e-05 6.45564869e-05]
 [6.74009032e-04 2.38599503e-04 5.38444496e-04 4.02687729e-05
  2.45948933e-04 4.60751653e-05 3.50438349e-05 1.35271097e-04
  4.01760954e-05 1.83670694e-04 8.37156040e-05 6.25674365e-05
  7.86946475e-05 7.74511282e-05 3.81278951e-05 8.85524278e-05
  1.21307079e-04 8.32938094e-05 8.05314194e-05 2.46537529e-04
  1.25737337e-04 4.30432265e-05 2.15495267e-04 9.58425007e-05
  9.12007017e-05 4.19482094e-05 3.04533431e-04 6.24196473e-05
  9.95998198e-05 4.57460155e-05 4.79678820e-05 1.08365202e-04
  4.49001491e-05 5.86160750e-05 3.96941497e-04 1.93354717e-04
  4.65812409e-05 1.06143765e-04 8.18346089e-05 8.25165116e-05
  1.49018961e-04 1.12156114e-04 1.50317224e-04 4.64716068e-05
  3.40021434e-05 5.89113406e-05 1.12589871e-04 2.03733634e-05
  7.66229205e-05 3.30301002e-04]
 [2.00302035e-04 1.35615526e-04 2.58026092e-04 1.11289773e-04
  5.81671557e-05 2.70112709e-04 3.17153899e-04 1.47853978e-04
  6.35435717e-05 2.82097259e-04 1.19946351e-04 1.93331303e-04
  9.99091644e-05 4.88726037e-05 5.40955152e-05 4.80470844e-05
  8.01545466e-05 4.52273562e-05 4.87129437e-04 4.81654388e-05
  4.47268176e-05 5.65873343e-05 5.80227315e-05 4.44799080e-04
  1.98862239e-04 1.38618023e-04 5.21709626e-05 1.77385358e-04
  5.83010515e-05 1.35213457e-04 1.57998555e-04 2.97862352e-05
  5.86160750e-05 1.76325975e-05 4.13655252e-05 3.99131350e-05
  3.36864323e-05 1.28497981e-04 1.41446551e-04 1.51824846e-04
  5.85797025e-05 5.78653089e-05 5.76604434e-05 5.18557426e-05
  1.34955961e-04 3.97351163e-04 2.74891208e-05 3.85675339e-05
  2.02238749e-04 7.27274455e-05]
 [3.32207797e-04 4.02138132e-04 1.75218840e-04 1.01062360e-04
  1.97419984e-04 7.65952282e-05 3.06637485e-05 9.24190172e-05
  2.49849691e-04 5.57212334e-05 7.34852365e-05 1.97456131e-04
  6.18518752e-05 4.40196949e-04 1.61150965e-05 3.64721345e-05
  2.64974253e-04 1.34315851e-04 9.06169444e-05 4.01585530e-05
  5.88492439e-05 1.88202375e-05 9.74289214e-05 5.91261087e-05
  7.93789150e-05 1.14530332e-04 1.52759152e-04 1.10352332e-04
  1.03446800e-04 3.96148571e-05 8.59569482e-05 2.61929468e-04
  3.96941497e-04 4.13655252e-05 2.05785709e-05 7.67418169e-05
  1.67279562e-04 7.61295523e-05 3.83756960e-05 1.07496868e-04
  1.92890686e-04 7.03742262e-05 3.60731028e-05 3.52145755e-04
  1.08620625e-04 3.24467619e-05 7.26791986e-05 1.17779397e-04
  2.42937513e-05 1.33677371e-04]
 [2.16102664e-04 3.19932326e-04 5.15937980e-04 1.85292141e-04
  1.79253781e-04 5.26866825e-05 3.38281061e-05 6.46228873e-05
  1.10206478e-04 1.71437805e-05 1.20096061e-04 1.08578177e-04
  1.67581617e-04 6.21756553e-05 1.26629893e-04 1.20363053e-04
  5.93389486e-05 2.56209343e-04 5.21939037e-05 9.69017201e-05
  1.76213565e-04 1.07407512e-04 6.08136834e-05 1.71235697e-05
  4.14860951e-05 1.39642987e-04 2.90918742e-05 7.80569026e-05
  2.39239365e-04 1.04548664e-04 1.11038324e-04 5.32473387e-05
  1.93354717e-04 3.99131350e-05 7.67418169e-05 1.37667030e-05
  3.20539912e-05 7.73646170e-05 1.06506726e-04 8.83801695e-05
  1.16605370e-04 9.28191002e-05 1.48755324e-04 7.87212193e-05
  1.70538609e-04 4.17354968e-05 2.36109918e-04 2.21629496e-04
  9.80897748e-05 1.15743722e-04]
 [2.27877041e-04 4.80589893e-04 3.95095238e-04 2.63412541e-04
  7.18041629e-05 4.59626026e-05 1.03134182e-04 1.02967504e-04
  7.13350892e-05 3.32595053e-04 1.74543180e-04 1.20483644e-04
  1.02325612e-04 9.74668437e-05 2.28583827e-04 6.15229874e-05
  2.79800384e-04 6.62893435e-05 1.04332255e-04 6.21019935e-05
  6.57886267e-05 1.94835229e-04 1.91713872e-04 7.65601071e-05
  8.38006672e-05 1.01500635e-04 6.13519660e-05 4.79153896e-05
  9.04003027e-05 4.70272244e-05 1.25346836e-04 2.06930708e-04
  4.65812409e-05 3.36864323e-05 1.67279562e-04 3.20539912e-05
  1.47377314e-05 1.22862708e-04 2.22305534e-05 3.98331526e-04
  1.38830466e-04 2.36774504e-04 5.98445949e-05 1.12500908e-04
  3.08537419e-04 1.59358475e-04 5.02227813e-05 2.59006047e-05
  1.91569761e-05 6.43537787e-05]
 [5.85363072e-04 5.25164709e-04 1.99482281e-04 3.00518906e-04
  1.53455876e-05 3.79405574e-05 1.41278593e-04 8.11872960e-05
  4.50981497e-05 7.36593720e-05 2.33217215e-04 6.06509966e-05
  1.73640132e-04 2.59484572e-04 5.88940420e-05 2.14265572e-04
  1.49296939e-05 1.72911517e-04 6.58923454e-05 9.67395899e-05
  1.22972764e-04 3.64988591e-05 6.03187691e-05 5.05051394e-05
  8.14953019e-05 1.29240318e-04 2.00798822e-04 7.90347913e-05
  2.26208213e-05 3.84618979e-05 2.33049621e-04 4.20687502e-05
  1.06143765e-04 1.28497981e-04 7.61295523e-05 7.73646170e-05
  1.22862708e-04 2.42451733e-05 1.61037664e-04 2.36541127e-05
  3.00138665e-04 9.16567733e-05 1.68243059e-05 5.82099456e-05
  5.73164361e-05 2.87287239e-05 8.78422652e-05 1.58165822e-05
  3.70988637e-05 6.11835203e-05]
 [3.21481901e-04 1.31295194e-04 1.95645393e-04 4.96075590e-05
  2.54278184e-05 8.49465287e-05 4.03659687e-05 8.65898473e-05
  2.90637312e-04 8.81900633e-05 7.48372331e-05 3.85528256e-05
  3.78082594e-04 8.17948967e-05 1.91652842e-04 1.38869378e-04
  1.45207014e-04 1.94452732e-05 1.58506344e-04 7.31428081e-05
  9.34368290e-05 1.24241109e-04 2.86336581e-04 6.96545612e-05
  9.38522571e-05 1.16466232e-04 3.90747191e-05 1.03061335e-04
  8.83833709e-05 4.20500219e-05 5.57938300e-04 5.23019226e-05
  8.18346089e-05 1.41446551e-04 3.83756960e-05 1.06506726e-04
  2.22305534e-05 1.61037664e-04 8.24868039e-06 7.92870705e-05
  7.37621376e-05 2.04773005e-05 1.10383793e-04 7.21378528e-05
  2.06162658e-05 2.39136993e-04 4.11250840e-05 1.64875732e-04
  1.38208343e-04 2.72324629e-04]
 [2.52990372e-04 2.18559828e-04 1.27803403e-04 1.43839279e-04
  8.78874198e-05 2.40361987e-04 1.28895219e-04 3.86473548e-05
  5.27991433e-05 1.07809137e-04 5.07728619e-05 4.90632228e-05
  6.75670526e-05 1.72822518e-04 1.81776864e-04 1.65436839e-04
  1.49036176e-04 9.26769790e-05 5.96058962e-05 3.42708925e-04
  1.79017559e-04 3.88480003e-05 4.85112541e-05 2.13924679e-04
  1.25469291e-04 2.78428051e-04 1.09892906e-04 5.63698486e-05
  4.58782997e-05 5.76384591e-05 2.83454952e-04 2.31831200e-05
  8.25165116e-05 1.51824846e-04 1.07496868e-04 8.83801695e-05
  3.98331526e-04 2.36541127e-05 7.92870705e-05 1.98578000e-05
  2.19584166e-04 8.58603671e-05 1.18518274e-05 1.76847621e-04
  4.48948849e-05 9.10241579e-05 1.11475114e-04 9.15367564e-05
  6.87495631e-05 2.02920783e-05]
 [1.68036684e-04 2.95183301e-04 2.50508980e-04 3.69596601e-05
  8.87900314e-05 3.38549253e-05 1.28595304e-04 1.45420810e-04
  3.92883703e-05 1.21705067e-04 1.68783499e-05 9.92948408e-05
  4.74682311e-05 7.89775440e-05 4.38490060e-05 9.32765906e-05
  2.69137410e-04 9.08446600e-05 7.05235070e-05 1.83303287e-04
  9.82505080e-05 7.87698009e-05 1.40631833e-04 3.56897828e-04
  7.32307453e-05 4.55336631e-05 2.18341866e-05 4.17312367e-05
  6.91135283e-05 4.29730062e-05 6.08700757e-05 1.08954031e-04
  1.49018961e-04 5.85797025e-05 1.92890686e-04 1.16605370e-04
  1.38830466e-04 3.00138665e-04 7.37621376e-05 2.19584166e-04
  1.77422535e-05 1.24085069e-04 5.88428993e-05 7.45076104e-05
  3.18536040e-05 1.62685665e-05 4.57745118e-05 4.17042575e-05
  3.92251422e-05 1.59293908e-04]
 [1.14503127e-04 3.16853169e-04 3.31121701e-04 2.12031591e-05
  6.85210689e-05 1.04171799e-04 2.09508595e-04 1.55873960e-04
  7.44207646e-05 5.76401071e-05 1.16473784e-04 2.16117711e-04
  9.48218003e-05 5.80077940e-05 7.83345895e-05 1.09142253e-04
  2.08927508e-04 6.54204559e-05 3.87416731e-05 9.62008926e-05
  1.27420586e-04 2.39602086e-04 1.04013976e-04 3.61055951e-04
  1.64631914e-04 1.63014876e-04 2.57837237e-04 8.54127720e-05
  3.90112000e-05 1.98565147e-04 8.44928363e-05 1.06589134e-04
  1.12156114e-04 5.78653089e-05 7.03742262e-05 9.28191002e-05
  2.36774504e-04 9.16567733e-05 2.04773005e-05 8.58603671e-05
  1.24085069e-04 5.45463945e-06 6.40516955e-05 1.16363000e-04
  1.17194817e-04 1.59345247e-04 1.03631828e-04 4.58537615e-05
  1.41007331e-05 2.74562219e-04]
 [2.77764950e-04 3.89017281e-04 4.09084023e-04 7.14943744e-05
  1.03733859e-04 2.27403420e-04 2.05783545e-05 1.06229018e-04
  5.69358090e-05 6.91635569e-06 2.33299739e-04 2.78223742e-04
  2.02787869e-05 3.51301933e-05 3.86428583e-05 9.19192753e-05
  5.58767206e-05 1.12523318e-04 2.51696474e-04 1.35016453e-04
  3.74008778e-05 2.87447067e-04 8.19834895e-05 3.38967802e-04
  3.84616433e-05 6.52981034e-05 4.70967825e-05 3.54448348e-05
  9.47846493e-05 1.07706292e-04 1.87684476e-04 7.61096599e-05
  1.50317224e-04 5.76604434e-05 3.60731028e-05 1.48755324e-04
  5.98445949e-05 1.68243059e-05 1.10383793e-04 1.18518274e-05
  5.88428993e-05 6.40516955e-05 4.41075190e-06 2.19866153e-04
